.Random.seed <-
c(10403L, 10L, 40460477L, -1979232457L, -1568884770L, 423822616L, 
-393615237L, 1731431961L, 684205736L, -1225284522L, -1500438319L, 
-1390576509L, -1238606062L, -1256920412L, -1982269849L, -1335662659L, 
-248563404L, 650558106L, -643925787L, -259478913L, 1431876614L, 
-76077168L, -682923469L, -560299567L, -148724864L, -337707426L, 
2126710185L, 411518043L, -661758870L, 106202380L, -169638065L, 
-838749179L, -15398212L, 1916402578L, 442497165L, -356745529L, 
-1862395986L, -983596536L, -1165007349L, -1031098647L, 1046505912L, 
-1729378714L, 155943681L, 681870739L, 1625431618L, 812425716L, 
1973140471L, -1614151699L, -1990014844L, 1852993194L, 1183613973L, 
1338168495L, 432249526L, -139650848L, 309486627L, -1522345151L, 
308626992L, -545582002L, -1861387079L, -517670709L, -402307718L, 
797718652L, -796586817L, -1840690795L, 1617838508L, 147403650L, 
-1245365923L, -837633961L, -48140482L, -1733945480L, -2031076261L, 
67185593L, -353822200L, -1620410186L, 1499903985L, -456809949L, 
1926515314L, -1280143164L, -1805633913L, 1999433309L, 2097320020L, 
-1787678086L, -221148731L, 492583711L, 1496970918L, 1866393648L, 
906033875L, -36531983L, -22012896L, -1358017858L, -468861239L, 
-1249764229L, 313750090L, -617625940L, -1118469713L, 388852069L, 
1468757788L, -969180302L, 1868912621L, 746756135L, 1560846414L, 
-920566616L, 50670251L, -411787319L, 375403480L, -1558146426L, 
1729004385L, -143030541L, 1636039010L, 1002686420L, 1817604823L, 
-2090100531L, 955986020L, -897327542L, -1079112779L, 1866462991L, 
2018149398L, -1148096832L, 153204867L, -1190194015L, 312408720L, 
489941358L, 1339655961L, 503741355L, 909265306L, -1572778660L, 
1256285279L, 731962421L, -646395956L, 2044039970L, 819400061L, 
-1521475977L, 864618398L, -407771560L, -1997434949L, 1057857881L, 
1017191144L, 1451959062L, 262087825L, 1632500035L, -576646062L, 
1403692772L, 1664901415L, 988352893L, -143566732L, -1954817446L, 
-1023199579L, 1617323199L, 1753380678L, 784365008L, 613033971L, 
1576427281L, 566042432L, 261465886L, 1863571433L, 618806555L, 
-1866442966L, -227825588L, -61136881L, 2072308549L, -1362674436L, 
-1641247918L, 1682050253L, -25711481L, -835209362L, -958953144L, 
157429067L, 330018985L, -1605766664L, -1964637914L, -603233727L, 
-299103277L, -1394296446L, 940871092L, -1962550985L, 812911661L, 
-425297596L, 1045474922L, 1104087253L, 1445406319L, 2054697846L, 
-2027920224L, -2065302173L, 639438337L, 567332208L, 324128014L, 
998936441L, -2069090549L, -1090244550L, -1947386052L, -58409857L, 
-1353330731L, 703586796L, 983077698L, -1080574819L, -104299241L, 
801209470L, -252505032L, 320516891L, 226818169L, -520036152L, 
1871030518L, -1743095503L, -761048733L, -375602382L, 1065389188L, 
-275941177L, -1650007139L, 514426644L, -1885028934L, -1029612539L, 
-1873169953L, 1955918950L, 1966445552L, 873753875L, 2129433265L, 
1044053344L, -512478466L, 519630473L, 1812535739L, 1567277962L, 
-1466553748L, 928703471L, 188173349L, 1720587484L, 1017473714L, 
-1591849555L, -1267101337L, 173092494L, -1506875308L, -595196142L, 
622961056L, 1408051148L, 2039218016L, 1172462786L, -1386910168L, 
-857499220L, 952943420L, -358427790L, 1329909552L, -625991644L, 
527363640L, -1025994022L, 1229404048L, 73856252L, 740900244L, 
-1167543486L, -1549186560L, -1727428548L, 1883877968L, -1057394526L, 
1955865416L, -1458845172L, -344016164L, 1995763794L, 1196575872L, 
1657276244L, 1788997608L, -1587264774L, 1059915600L, 284124204L, 
-1460676236L, -1712468334L, 658842208L, -1916047220L, 1100820832L, 
-678520606L, -1505751896L, -826964276L, -1557177860L, 1911798706L, 
-1898986512L, 211292612L, -2122281640L, -2094063238L, 749638064L, 
2097785276L, -170607020L, 1273321922L, -1551047904L, -1722584132L, 
-202280880L, -1499530270L, -1359175832L, -1104152756L, 730279676L, 
-1764804878L, 2123103488L, 719776884L, 517312008L, -858692166L, 
-550619696L, 1445754860L, 1253239700L, -1610512174L, 728777824L, 
-342979252L, 1047827232L, 510925442L, 1735573992L, -19653652L, 
-827195844L, -1495841166L, -388691088L, -1850802908L, 2102450744L, 
555725210L, -422711856L, -105208388L, 264613524L, 1803166338L, 
-446874176L, 450762556L, -1104964976L, -278235358L, 772994568L, 
-1878088948L, 1414407068L, -443802606L, -635475072L, -1112982764L, 
1458484520L, 1828491322L, -2068954160L, -1140835732L, -760067020L, 
1632850066L, -2065434272L, -1166779060L, -581446176L, -1350280286L, 
-1470547032L, -2101224308L, -563465284L, -2063129486L, -123541520L, 
374064196L, -1795692456L, -1232674758L, -1766397840L, -80667076L, 
113682196L, 1171802818L, -1086237984L, -1602026372L, -1748103984L, 
-1429646430L, -1510781400L, 297181452L, -2061973572L, 1415590194L, 
-9013056L, -1826770380L, -1406068024L, 1526694586L, 2143980688L, 
2060519148L, -1781868972L, -1161206126L, -1150302432L, -810051636L, 
1131956448L, 592400066L, -755624920L, 1694071724L, -631510340L, 
7045618L, 1007224368L, 1879693220L, -36363848L, 1133001562L, 
576738448L, -266495108L, 425500436L, 303963458L, -1289597184L, 
1455348668L, -415514800L, 1747345698L, -777467320L, 521689100L, 
-2136978340L, 610439634L, 357660160L, -147623596L, 18317544L, 
872984826L, 1476568784L, -2092840660L, -1575610124L, -939397742L, 
136980832L, -520148980L, -1349055776L, 630981218L, 137902760L, 
-805586356L, 1405003644L, -1531286222L, 828819056L, 114178884L, 
1968424920L, 1940815738L, 512626224L, 1197455292L, -671467948L, 
1958963266L, -1249419104L, -1724797252L, 1483934160L, 733987682L, 
-973667608L, 882294988L, -514268676L, -716895758L, 1940609664L, 
-1140083212L, 1727874696L, -1544470726L, -1046002864L, 960091244L, 
2037275028L, -759389102L, -1539446304L, -2007712564L, -1059541856L, 
1394603394L, 399679720L, 1309335276L, 1609051452L, -1543947150L, 
2056274032L, 270096420L, 874425400L, -2096908518L, -1013465904L, 
-1602357444L, 2145818516L, -2006021246L, -1055837760L, 612511292L, 
-1349614192L, 686122530L, -1127932664L, -441956724L, -854239460L, 
136487058L, -319739520L, -52150764L, -1869730008L, 264393274L, 
-144108080L, 963234156L, 353993652L, -1444509678L, -176239136L, 
-2042535696L, 778700953L, 1712889995L, -1341814404L, 1559787434L, 
-123066401L, -257170071L, 683932030L, 612370796L, 700346813L, 
1984496263L, 848270960L, 1704869134L, 454607419L, 2100955421L, 
-1100252214L, 594916584L, 720463825L, -1938228797L, 1691476676L, 
3375474L, 1617194055L, 1447051281L, 1618700694L, -1223045900L, 
-637671803L, 1033547727L, -763838776L, 1622849382L, 1805643155L, 
221130485L, -693276974L, -1132226272L, 446871817L, 278441531L, 
1546044300L, 99140122L, 1305281167L, -1186017831L, 2007601774L, 
-1032797700L, -994069651L, -1500504809L, -2073126688L, -1979629890L, 
448933003L, 862767885L, -1007002822L, -46623880L, -1032158943L, 
-1035277869L, 625203444L, -88262270L, 608078871L, -1852589343L, 
1901413414L, 1823834404L, 161169877L, 1760017791L, -2019867624L, 
309127990L, 1778511299L, -1937611771L, -572612702L, 188431248L, 
870776633L, 488958955L, 1287888092L, 1983259914L, -240473089L, 
778423881L, 1698634718L, -544226420L, 175547229L, -818773145L, 
1993238672L, 367474350L, -1493888165L, -1361091779L, 1471769002L, 
1771505224L, -1177356687L, -1108359197L, -1677741340L, -35837422L, 
750296551L, 529861041L, 1486569462L, 376562196L, 2012040485L, 
-1137418705L, 480472040L, 154959046L, -871437965L, -150416939L, 
114992562L, -1744405632L, -2004656279L, -1702259749L, 1310792492L, 
-1915615942L, 1628552175L, -1627763079L, 410556686L, -365000484L, 
1823637325L, -531485001L, -1290552256L, -79129314L, 1568116715L, 
-1211157651L, 1005076954L, 62741400L, -1334271487L, -668609613L, 
1590981332L, -51153950L, 1294435959L, -749092927L, -1347707578L, 
-169710460L, -741576139L, -517490145L, 2066242936L, -945644458L, 
-362684189L, 926377637L, -508064958L, -1659002576L, 1597995353L, 
-1903854901L, 3482428L, 1368591210L, -1508185697L, -1698045911L, 
-1284851010L, -749405268L, -1935849219L, 1053729863L, -694861008L, 
-1374600114L, -1444304773L, 1147431901L, 251638282L, 587773736L, 
